1
47.178258, 47.840709, 47.197438, 47.874717, 47.162657
47.824476, 47.198327, 47.857242, 47.180550, 47.826728
47.180618, 47.876320, 47.840434, 47.188439, 47.155570
47.186584, 47.195529, 47.208449, 47.409786, 47.214748
47.703019, 49.006947, 47.877822, 47.176772, 47.836717
2
47.847333, 25.409851, 25.416522, 26.641396, 25.408914
47.514956, 25.643822, 25.514171, 26.085823, 25.445554
47.186616, 24.987715, 24.995092, 26.209174, 25.310870
47.164697, 25.015300, 25.009529, 26.134099, 25.368113
47.177601, 25.021330, 25.000397, 26.209526, 25.620016
4
47.175582, 13.884866, 13.884565, 13.376382, 14.014055
47.176559, 13.896001, 13.893339, 13.593531, 14.009719
47.180034, 13.878580, 13.885035, 13.455985, 14.030229
47.165920, 14.016008, 13.889801, 13.457797, 14.013845
47.181547, 13.907403, 13.880465, 13.635264, 14.007448
8
47.184093, 8.337632, 8.331581, 7.086606, 8.313341
47.170863, 8.331679, 8.328151, 7.075254, 8.316506
47.167844, 8.331871, 8.339341, 7.044108, 8.316771
47.176550, 8.332963, 8.333287, 7.072722, 8.397249
47.156751, 8.332065, 8.337766, 7.081191, 8.318547
16
47.182727, 5.580924, 5.579231, 3.724994, 5.565847
47.180589, 5.577456, 5.580995, 3.726510, 5.602258
47.174557, 5.611889, 5.583830, 3.743676, 5.611392
47.172387, 5.580252, 5.587377, 3.728960, 5.610510
47.160245, 5.610886, 5.612967, 3.726632, 5.557343
32
47.182145, 4.629705, 4.628241, 2.471083, 4.559086
47.179387, 4.625131, 4.633133, 2.478783, 4.581006
47.186244, 4.631706, 4.620882, 2.475704, 4.579752
47.160882, 4.655416, 4.632709, 2.477651, 4.559276
47.165759, 4.627913, 4.627188, 2.476360, 4.571489
