1
0.105676, 0.101158, 0.104152, 0.102507, 0.105443
0.103323, 0.105388, 0.103225, 0.105610, 0.103459
0.105083, 0.103622, 0.105325, 0.103576, 0.105443
0.103226, 0.105225, 0.103547, 0.104684, 0.103832
0.105078, 0.103809, 0.104369, 0.104220, 0.105626
2
0.103669, 0.056276, 0.059114, 0.097984, 0.054374
0.104253, 0.054445, 0.058626, 0.099080, 0.059042
0.101131, 0.055906, 0.060295, 0.102552, 0.055930
0.103236, 0.055236, 0.057809, 0.101331, 0.058074
0.100599, 0.055429, 0.057809, 0.099941, 0.055142
4
0.102999, 0.034542, 0.030938, 0.075193, 0.030970
0.100668, 0.032462, 0.030464, 0.075187, 0.031350
0.100667, 0.035152, 0.032140, 0.074304, 0.031762
0.102360, 0.031927, 0.031312, 0.075822, 0.031421
0.100670, 0.035450, 0.031631, 0.074409, 0.031992
8
0.102532, 0.019993, 0.016371, 0.044280, 0.017300
0.100707, 0.019160, 0.018020, 0.045097, 0.018906
0.100774, 0.016201, 0.016907, 0.045057, 0.018477
0.100649, 0.016285, 0.018089, 0.045132, 0.018367
0.100675, 0.015842, 0.017421, 0.045282, 0.019058
16
0.100658, 0.008916, 0.010179, 0.030200, 0.010840
0.101392, 0.009343, 0.009674, 0.030546, 0.010844
0.105239, 0.012238, 0.012389, 0.029980, 0.010719
0.104339, 0.014023, 0.012429, 0.030022, 0.011207
0.102608, 0.010178, 0.011452, 0.029747, 0.010355
32
0.103822, 0.010467, 0.008369, 0.023846, 0.007994
0.103498, 0.006574, 0.007659, 0.022098, 0.009866
0.103182, 0.010264, 0.007986, 0.023095, 0.008574
0.104524, 0.009474, 0.009312, 0.023821, 0.008280
0.101208, 0.007348, 0.012076, 0.023133, 0.011052
