1
13.224131, 13.095822, 13.231875, 13.085184, 13.215899
13.088100, 13.234440, 13.095305, 13.219142, 13.080250
13.226308, 13.095400, 13.236758, 13.082593, 13.218941
13.089393, 13.230951, 13.095903, 13.216080, 13.080052
13.227721, 13.094889, 13.231515, 13.082810, 13.215493
2
13.088794, 7.226801, 7.165217, 7.222746, 7.282700
13.226775, 7.161579, 7.167396, 7.277001, 7.279344
13.088890, 7.228111, 7.165032, 7.220295, 7.295440
13.226016, 7.160031, 7.164484, 7.243670, 7.184483
13.089421, 7.223581, 7.170052, 7.292908, 7.402898
4
13.229375, 4.188757, 4.188686, 3.671463, 4.214076
13.090317, 4.199484, 4.215589, 3.673308, 4.220718
13.090987, 4.189817, 4.216189, 3.699767, 4.204978
13.223178, 4.188597, 4.188801, 3.725505, 4.204498
13.091375, 4.216024, 4.188691, 3.739913, 4.200430
8
13.087304, 2.712488, 2.701893, 1.959604, 2.702568
13.090163, 2.701460, 2.712413, 1.972638, 2.702912
13.089221, 2.711306, 2.701598, 1.946224, 2.705057
13.088532, 2.720532, 2.720165, 1.954433, 2.701865
13.085988, 2.708652, 2.711398, 1.958297, 2.698801
16
13.092200, 2.011314, 2.008794, 1.067817, 1.951212
13.088767, 2.008768, 2.009054, 1.058775, 1.949714
13.228924, 2.008512, 2.007810, 1.065708, 1.950402
13.088612, 2.003348, 2.008516, 1.064877, 1.949669
13.087709, 2.003920, 2.005355, 1.066291, 1.951260
32
13.090150, 1.736420, 1.735444, 0.725728, 1.682987
13.089746, 1.762511, 1.734198, 0.667650, 1.687116
13.087870, 1.732163, 1.729210, 0.726742, 1.682938
13.095724, 1.734990, 1.735318, 0.723672, 1.683970
13.088290, 1.732459, 1.767468, 0.723450, 1.689244
